

哨兵：5  (作为中间点  比它大的，放右边，比它 小的放左边)
      5 3 10 7 4 6 9 2 1 8  
                                   <--
      5 3 10 7 4 6 9 2 1 8  
                                <--
      5 3 10 7 4 6 9 2 1 8  
    -->  
      5 3 10 7 4 6 9 2 1 8  
         -->                  <--
      5 3 1 7 4 6 9 2 10 8  
                            <--
      5 3 1 7 4 6 9 2 10 8  
           -->           <--
      5 3 1 2 4 6 9 7 10 8 
           -->           <-- 
      5 3 1 2 4 6 9 7 10 8 
           -->        <--
      5 3 1 2 4 6 9 7 10 8 
           -->     <--  
      5 3 1 2 4 6 9 7 10 8 
           -->  <--  
      5 3 1 2 4 6 9 7 10 8 
              --><--  

      4 3 1 2 5 6 9 7 10 8 
              --><--  




















