

哨兵：5  (作为中间点  比它大的，放右边，比它 小的放左边)
      5 3 10 7 4 6 9 2 1 8  
                                  <--
      5 3 10 7 4 6 9 2 1 8 
                                <--
     1 3 10 7 4 6 9 2 5 8
    -->
     1 3 10 7 4 6 9 2 5 8
        --> 
     1 3 5 7 4 6 9 2 10 8
                          <--
     1 3 2 7 4 6 9 5 10 8
          --> 
     1 3 2 5 4 6 9 7 10 8
                        <--
     1 3 2 5 4 6 9 7 10 8
                     <--
     1 3 2 5 4 6 9 7 10 8
                  <--
     1 3 2 4 5 6 9 7 10 8
            --><--
     1 3 2 4 
  小范围内的哨兵: 1
     1 3 2 4 
               <--
     1 3 2 4 
           <--
     1 3 2 4 
        <--
     1 3 2 4 
      <--
     1
        3 2 4 
 小范围内的哨兵: 3
        3 2 4 
              <--
        3 2 4 
           <--
        2 3 4 
    -->        
        2 3 4 
       -->  
        2 
    --><--
           3  
              4 
          --><--   
     1 2 3 4 


	5 
                     6 9 7 10 8

右边同理




思想：每次  找到 第一个 数 作为 哨兵（参考点）
	从右边开始 比较 ，如果右边 第一个的数大于 哨兵，则 找第二个数，....直到 右边出现比哨兵小的数，
	则 进行置换：

-- 初始时候，先从 第一轮比较来实现，并分析


